# Created by Octave 2.0.14, Wed Nov  7 14:03:12 2001 <schj@kwartje.tdb.nl>
# name: a
# type: matrix
# rows: 61
# columns: 2
 36678.5040393519 -7.41441176470588
 36679.5040393519 -9.24
 36680.5040393519 -11.2975490196078
 36681.5040393519 -8.57019607843137
 36682.5040393519 -10.486568627451
 36683.5040393519 -12.5236274509804
 36684.5040393519 -15.0345098039216
 36685.5040393519 -17.2962745098039
 36686.5040393519 -19.5836274509804
 36687.5040393519 -18.2371568627451
 36688.5040393519 -20.7252941176471
 36689.5040393519 -22.7519607843137
 36690.5040393519 -23.4194117647059
 36691.5040393519 -22.5056862745098
 36692.5040393519 -23.0311764705882
 36693.5040393519 -26.2407843137255
 36694.5040393519 -27.7326470588235
 36695.5040393519 -29.0490196078431
 36696.5040393519 -30.3746078431372
 36697.5040393519 -31.6898039215686
 36698.5040393519 -31.9936274509804
 36699.5040393519 -33.1846078431372
 36700.5040393519 -33.191568627451
 36701.5040393519 -31.7979411764706
 36702.5040393519 -33.2283333333333
 36703.5040393519 -34.8146078431373
 36704.5040393519 -36.2038235294117
 36705.5040393519 -36.7052941176471
 36706.5040393519 -37.0820588235294
 36707.5040393519 -37.7302941176471
 36708.5040393519 -35.3195098039216
 36709.5040393519 -32.9148039215686
 36710.5040393519 -36.3220588235294
 36711.5040393519 -36.9020588235294
 36712.5040393519 -31.7404901960784
 36713.5040393519 -28.6732352941176
 36714.5040393519 -33.376568627451
 36715.5040393519 -36.5290196078431
 36716.5040393519 -33.3327450980392
 36717.5040393519 -18.9201960784314
 36718.5040393519 -19.2581372549019
 36719.5040393519 -23.3636274509804
 36720.5040393519 -26.1698039215686
 36721.5040393519 -24.4095098039216
 36722.5040393519 -24.0845098039216
 36723.5040393519 -26.8938235294118
 36724.5040393519 -28.8200980392157
 36725.5040393519 -30.8501960784314
 36726.5040393519 -32.8223529411765
 36727.5040393519 -35.0996078431373
 36728.5040393519 -37.1929411764706
 36729.5040393519 -37.6094117647059
 36730.5040393519 -37.6952941176471
 36731.5040393519 -38.5256862745098
 36732.5040393519 -39.5872549019608
 36733.5040393519 -40.071568627451
 36734.5040393519 -41.4006862745098
 36735.5040393519 -41.6460784313725
 36736.5040393519 -42.8078431372549
 36737.5040393519 -43.5911764705882
 36738.5040393519 -44.6646078431373
# name: b
# type: matrix
# rows: 61
# columns: 6
 36678.5 nan nan 50.6509375 58.2298958333332 7.57895833333334
 36679.5 nan nan 50.6705208333333 58.15875 7.48822916666667
 36680.5 nan nan 50.7997916666667 58.1770833333334 7.37729166666667
 36681.5 nan nan 50.56375 58.0884374999999 7.5246875
 36682.5 nan nan 50.6390625 58.0665625 7.42749999999999
 36683.5 nan nan 50.6269791666666 57.9434375 7.31645833333333
 36684.5 nan nan 50.8326041666666 58.0266666666667 7.19406249999999
 36685.5 nan nan 50.7994791666667 57.9041666666666 7.1046875
 36686.5 nan nan 50.3475 57.3789583333333 7.03145833333334
 36687.5 nan nan 50.5138541666667 57.5808333333333 7.06697916666667
 36688.5 nan nan 50.6166666666666 57.5616666666667 6.945
 36689.5 nan nan 50.8917708333333 57.7139583333334 6.82218749999999
 36690.5 nan nan 50.9477083333333 57.7327083333333 6.785
 36691.5 nan nan 50.893125 57.7146875 6.82156250000001
 36692.5 nan nan 50.9645833333333 57.7701041666667 6.80552083333334
 36693.5 nan nan 51.2277083333334 57.8735416666667 6.64583333333334
 36694.5 nan nan 51.2655208333333 57.8613541666667 6.59583333333333
 36695.5 nan nan 50.9996875 57.5459375 6.54625
 36696.5 nan nan 50.6127083333334 57.1220833333333 6.509375
 36697.5 nan nan 50.3711458333334 56.8240625 6.45291666666666
 36698.5 nan nan 50.30875 56.7095833333333 6.40083333333333
 36699.5 nan nan 50.3440625 56.67875 6.3346875
 36700.5 nan nan 50.3886458333333 56.7039583333334 6.3153125
 36701.5 nan nan 50.3868749999999 56.7669791666667 6.38010416666667
 36702.5 nan nan 50.6126041666667 56.9124999999999 6.29989583333334
 36703.5 nan nan 50.9136458333333 57.1211458333333 6.2075
 36704.5 nan nan 50.9410416666667 57.0855208333333 6.14447916666667
 36705.5 nan nan 50.7767708333334 56.8920833333333 6.1153125
 36706.5 nan nan 50.7461458333333 56.8357291666667 6.08958333333333
 36707.5 nan nan 50.5576041666667 56.64125 6.08364583333334
 36708.5 nan nan 50.3682291666667 56.5717708333333 6.20354166666667
 36709.5 nan nan 50.363125 56.7094791666667 6.34635416666667
 36710.5 nan nan 50.223125 56.4211458333334 6.19802083333333
 36711.5 nan nan 50.1127083333334 56.2633333333333 6.150625
 36712.5 nan nan 50.31625 56.7048958333333 6.38864583333333
 36713.5 nan nan 50.7716666666667 57.3210416666667 6.549375
 36714.5 nan nan 50.6827083333333 56.9973958333333 6.3146875
 36715.5 nan nan 50.4426041666667 56.60875 6.16614583333333
 36716.5 nan nan 49.7308333333334 56.0422916666667 6.31145833333334
 36717.5 nan nan 49.145625 56.1628124999999 7.0171875
 36718.5 nan nan 49.5521875 56.5621875 7.01
 36719.5 nan nan 50.3139583333333 57.1243749999999 6.81041666666667
 36720.5 nan nan 50.19 56.8707291666667 6.68072916666666
 36721.5 nan nan 50.0098958333333 56.7664583333333 6.7565625
 36722.5 nan nan 50.1964583333334 56.9717708333334 6.77531250000001
 36723.5 nan nan 50.43 57.0658333333333 6.63583333333334
 36724.5 nan nan 50.6292708333333 57.1646875 6.53541666666667
 36725.5 nan nan 50.68625 57.1140625000001 6.4278125
 36726.5 nan nan 50.6842708333333 57.0228125000001 6.33854166666667
 36727.5 nan nan 50.8309375 57.0544791666667 6.22354166666666
 36728.5 nan nan 50.9492708333333 57.0719791666667 6.12270833333334
 36729.5 nan nan 50.8644791666667 56.9464583333333 6.08197916666667
 36730.5 nan nan 50.6436458333333 56.736875 6.09322916666667
 36731.5 nan nan 50.2478125 56.3044791666667 6.05666666666666
 36732.5 nan nan 50.0211458333333 56.0464583333334 6.0253125
 36733.5 nan nan 50.2640625 56.2542708333334 5.99020833333334
 36734.5 nan nan 50.4591666666666 56.3948958333334 5.93572916666666
 36735.5 nan nan 50.381875 56.3184375 5.9365625
 36736.5 nan nan 50.506875 56.3941666666667 5.88729166666667
 36737.5 nan nan 50.8216666666667 56.6286458333333 5.80697916666666
 36738.5 nan nan 50.9159375 56.6830208333333 5.76708333333333
